n=1000, k=5, neigh_rad=[0.2776314  0.25432429 0.17102403 0.27007258 0.15408587 0.24526773], ratio_k/n=0.005, ratio_area=[0.07707919 0.06468084 0.02924922 0.0729392  0.02374246 0.06015626]
n=1000, k=7, neigh_rad=[0.2839615  0.33161272 0.22343968 0.35421215 0.21031849 0.27519244], ratio_k/n=0.007, ratio_area=[0.08063413 0.109967   0.04992529 0.12546625 0.04423387 0.07573088]
n=1000, k=22, neigh_rad=[0.52062399 0.43803922 0.40059898 0.51068627 0.41405588 0.42619953], ratio_k/n=0.022, ratio_area=[0.27104934 0.19187836 0.16047954 0.26080047 0.17144227 0.18164604]
n=1000, k=52, neigh_rad=[0.71155595 0.60689616 0.63533425 0.72720293 0.71920238 0.69818752], ratio_k/n=0.052, ratio_area=[0.50631187 0.36832295 0.4036496  0.5288241  0.51725207 0.48746582]
n=1000, k=100, neigh_rad=[0.9167714  0.90763661 0.93233619 0.97668581 0.94588605 0.95639339], ratio_k/n=0.1, ratio_area=[0.84046979 0.82380421 0.86925077 0.95391517 0.89470042 0.91468832]
n=2000, k=5, neigh_rad=[0.14494765 0.19711888 0.12167372 0.14073956 0.26026229 0.14230964], ratio_k/n=0.0025, ratio_area=[0.02100982 0.03885585 0.01480449 0.01980762 0.06773646 0.02025203]
n=2000, k=7, neigh_rad=[0.19087386 0.20006605 0.15864581 0.15609495 0.27510146 0.16647792], ratio_k/n=0.0035, ratio_area=[0.03643283 0.04002643 0.02516849 0.02436563 0.07568081 0.0277149 ]
n=2000, k=22, neigh_rad=[0.31716733 0.35652476 0.31087094 0.29423335 0.38242895 0.27308194], ratio_k/n=0.011, ratio_area=[0.10059512 0.12710991 0.09664074 0.08657327 0.1462519  0.07457375]
n=2000, k=52, neigh_rad=[0.49134359 0.51366787 0.53800991 0.43218751 0.52464638 0.49237572], ratio_k/n=0.026, ratio_area=[0.24141853 0.26385468 0.28945467 0.18678605 0.27525383 0.24243385]
n=2000, k=100, neigh_rad=[0.64792353 0.67157122 0.68515273 0.62922387 0.6906846  0.66873107], ratio_k/n=0.05, ratio_area=[0.4198049  0.45100791 0.46943427 0.39592268 0.47704521 0.44720125]
n=4000, k=5, neigh_rad=[0.09690253 0.12182292 0.13525867 0.11255077 0.12670448 0.0992953 ], ratio_k/n=0.00125, ratio_area=[0.0093901  0.01484082 0.01829491 0.01266768 0.01605403 0.00985956]
n=4000, k=7, neigh_rad=[0.11261526 0.13252189 0.142423   0.12737651 0.12694416 0.18576911], ratio_k/n=0.00175, ratio_area=[0.0126822  0.01756205 0.02028431 0.01622477 0.01611482 0.03451016]
n=4000, k=22, neigh_rad=[0.20592776 0.21137784 0.23631182 0.20297721 0.23670253 0.24646923], ratio_k/n=0.0055, ratio_area=[0.04240624 0.04468059 0.05584328 0.04119975 0.05602809 0.06074708]
n=4000, k=52, neigh_rad=[0.3110977  0.39542263 0.35184045 0.33540972 0.36381058 0.35245018], ratio_k/n=0.013, ratio_area=[0.09678178 0.15635905 0.1237917  0.11249968 0.13235814 0.12422113]
n=4000, k=100, neigh_rad=[0.45211219 0.5245341  0.46544624 0.45828221 0.47581877 0.51463176], ratio_k/n=0.025, ratio_area=[0.20440543 0.27513602 0.2166402  0.21002259 0.2264035  0.26484585]
n=8000, k=5, neigh_rad=[0.08029926 0.09456517 0.05809218 0.0796008  0.07123305 0.07252697], ratio_k/n=0.000625, ratio_area=[0.00644797 0.00894257 0.0033747  0.00633629 0.00507415 0.00526016]
n=8000, k=7, neigh_rad=[0.09139733 0.1052454  0.07602405 0.09143299 0.07284231 0.09931509], ratio_k/n=0.000875, ratio_area=[0.00835347 0.01107659 0.00577966 0.00835999 0.005306   0.00986349]
n=8000, k=22, neigh_rad=[0.15912833 0.16868854 0.14514095 0.17178558 0.1537343  0.18179072], ratio_k/n=0.00275, ratio_area=[0.02532183 0.02845582 0.02106589 0.02951029 0.02363424 0.03304787]
n=8000, k=52, neigh_rad=[0.23438288 0.26618978 0.25024768 0.26579872 0.24239739 0.27867156], ratio_k/n=0.0065, ratio_area=[0.05493533 0.070857   0.0626239  0.07064896 0.0587565  0.07765784]
n=8000, k=100, neigh_rad=[0.32303781 0.37208789 0.33118151 0.34601964 0.3426444  0.3784335 ], ratio_k/n=0.0125, ratio_area=[0.10435343 0.1384494  0.10968119 0.11972959 0.11740519 0.14321191]
